{
 "cells": [
  {
   "cell_type": "markdown",
   "metadata": {
    "id": "C_acskE-kKgg"
   },
   "source": [
    "In this notebook, we will build our ML algorithim based on the bulk data we already have from the selected 5 compaines.\n",
    "- Develop different classifier models and compare performance\n",
    "- Develop different linear models and look and compare performance\n",
    "- Select the best classifier, and the best linear model\n",
    "- Plot both models in a visulization tool to compare outcomes based on the test-data\n",
    "- Build a daily trading strategy based on the outcome\n",
    "- Save the model and test it with the API for new data testing"
   ]
  },
  {
   "cell_type": "code",
   "execution_count": 58,
   "metadata": {
    "id": "c8HMIz0WkKgj"
   },
   "outputs": [],
   "source": [
    "#load libraries\n",
    "import pandas as pd\n",
    "import pickle\n",
    "import matplotlib.pyplot as plt\n",
    "import numpy as np\n",
    "import yfinance as yf\n",
    "import seaborn as sns\n",
    "import json as json\n",
    "import joblib\n",
    "from sklearn.model_selection import train_test_split\n",
    "from sklearn.ensemble import RandomForestClassifier\n",
    "from sklearn.metrics import classification_report, accuracy_score\n",
    "from sklearn.preprocessing import LabelEncoder\n",
    "from sklearn.tree import DecisionTreeClassifier\n",
    "from sklearn.model_selection import GridSearchCV\n",
    "from sklearn.preprocessing import MinMaxScaler\n",
    "from sklearn.metrics import mean_squared_error\n",
    "from sklearn.linear_model import LinearRegression\n",
    "from sklearn.ensemble import GradientBoostingRegressor\n",
    "from xgboost import XGBRegressor\n",
    "from sklearn.metrics import mean_absolute_error, mean_squared_error, r2_score\n",
    "from sklearn.preprocessing import PolynomialFeatures\n",
    "from sklearn.linear_model import ElasticNet\n",
    "from sklearn.preprocessing import StandardScaler"
   ]
  },
  {
   "cell_type": "code",
   "execution_count": 59,
   "metadata": {
    "id": "p9EtyF3gkKgk"
   },
   "outputs": [],
   "source": [
    "#load the data\n",
    "data = pd.read_csv('Combined_data')"
   ]
  },
  {
   "cell_type": "code",
   "execution_count": 60,
   "metadata": {
    "id": "gxuHr8PmkKgk"
   },
   "outputs": [],
   "source": [
    "#We want to predict if today price will be more than yesterday\n",
    "#or no so we need to add this to existing data first\n",
    "\n",
    "data = data.sort_values(by=['Ticker', 'Date'])\n"
   ]
  },
  {
   "cell_type": "code",
   "execution_count": 61,
   "metadata": {
    "id": "BxgnxONlkKgk"
   },
   "outputs": [],
   "source": [
    "\n",
    "# Apply the comparison within each group of ticker\n",
    "data['Tomorrow_Close_Positive'] = data.groupby('Ticker')['Close'].transform(lambda x: x.shift(-1)>x)\n"
   ]
  },
  {
   "cell_type": "code",
   "execution_count": 62,
   "metadata": {
    "id": "Yx3jSMZmkKgk",
    "outputId": "59df4f9a-474a-4069-a851-71d3bad63c7f"
   },
   "outputs": [
    {
     "data": {
      "text/html": [
       "<div>\n",
       "<style scoped>\n",
       "    .dataframe tbody tr th:only-of-type {\n",
       "        vertical-align: middle;\n",
       "    }\n",
       "\n",
       "    .dataframe tbody tr th {\n",
       "        vertical-align: top;\n",
       "    }\n",
       "\n",
       "    .dataframe thead th {\n",
       "        text-align: right;\n",
       "    }\n",
       "</style>\n",
       "<table border=\"1\" class=\"dataframe\">\n",
       "  <thead>\n",
       "    <tr style=\"text-align: right;\">\n",
       "      <th></th>\n",
       "      <th>Close</th>\n",
       "      <th>Tomorrow_Close_Positive</th>\n",
       "    </tr>\n",
       "  </thead>\n",
       "  <tbody>\n",
       "    <tr>\n",
       "      <th>4956</th>\n",
       "      <td>19.28</td>\n",
       "      <td>False</td>\n",
       "    </tr>\n",
       "    <tr>\n",
       "      <th>4957</th>\n",
       "      <td>19.06</td>\n",
       "      <td>True</td>\n",
       "    </tr>\n",
       "    <tr>\n",
       "      <th>4958</th>\n",
       "      <td>19.45</td>\n",
       "      <td>False</td>\n",
       "    </tr>\n",
       "    <tr>\n",
       "      <th>4959</th>\n",
       "      <td>17.85</td>\n",
       "      <td>True</td>\n",
       "    </tr>\n",
       "    <tr>\n",
       "      <th>4960</th>\n",
       "      <td>18.33</td>\n",
       "      <td>False</td>\n",
       "    </tr>\n",
       "    <tr>\n",
       "      <th>...</th>\n",
       "      <td>...</td>\n",
       "      <td>...</td>\n",
       "    </tr>\n",
       "    <tr>\n",
       "      <th>6190</th>\n",
       "      <td>199.40</td>\n",
       "      <td>True</td>\n",
       "    </tr>\n",
       "    <tr>\n",
       "      <th>6191</th>\n",
       "      <td>199.73</td>\n",
       "      <td>True</td>\n",
       "    </tr>\n",
       "    <tr>\n",
       "      <th>6192</th>\n",
       "      <td>202.04</td>\n",
       "      <td>False</td>\n",
       "    </tr>\n",
       "    <tr>\n",
       "      <th>6193</th>\n",
       "      <td>201.88</td>\n",
       "      <td>True</td>\n",
       "    </tr>\n",
       "    <tr>\n",
       "      <th>6194</th>\n",
       "      <td>202.64</td>\n",
       "      <td>False</td>\n",
       "    </tr>\n",
       "  </tbody>\n",
       "</table>\n",
       "<p>1239 rows × 2 columns</p>\n",
       "</div>"
      ],
      "text/plain": [
       "       Close  Tomorrow_Close_Positive\n",
       "4956   19.28                    False\n",
       "4957   19.06                     True\n",
       "4958   19.45                    False\n",
       "4959   17.85                     True\n",
       "4960   18.33                    False\n",
       "...      ...                      ...\n",
       "6190  199.40                     True\n",
       "6191  199.73                     True\n",
       "6192  202.04                    False\n",
       "6193  201.88                     True\n",
       "6194  202.64                    False\n",
       "\n",
       "[1239 rows x 2 columns]"
      ]
     },
     "execution_count": 62,
     "metadata": {},
     "output_type": "execute_result"
    }
   ],
   "source": [
    "#making sure that the calculations workerd!\n",
    "data[data['Ticker']=='TSLA'][['Close','Tomorrow_Close_Positive']]"
   ]
  },
  {
   "cell_type": "markdown",
   "metadata": {
    "id": "eP-Ea926kKgl"
   },
   "source": [
    "**looking at the null values and deciding what to do with them**"
   ]
  },
  {
   "cell_type": "code",
   "execution_count": 63,
   "metadata": {
    "id": "yIDkTnlZkKgl",
    "outputId": "83c3327a-9cca-4507-dfe4-d3f8fee81e8c"
   },
   "outputs": [
    {
     "data": {
      "text/plain": [
       "Ticker                        0\n",
       "Unnamed: 1                    0\n",
       "Ticker.1                      0\n",
       "SimFinId                      0\n",
       "Date                          0\n",
       "Open                          0\n",
       "High                          0\n",
       "Low                           0\n",
       "Close                         0\n",
       "Adj. Close                    0\n",
       "Volume                        0\n",
       "Dividend                   6135\n",
       "Shares Outstanding            0\n",
       "Fiscal Year                   0\n",
       "Fiscal Period                 0\n",
       "week                          0\n",
       "First_day                     0\n",
       "Last_day                      0\n",
       "SMA_7                        30\n",
       "V_SMA_7                      30\n",
       "SMA_14                       65\n",
       "V_SMA_14                     65\n",
       "EMA_7                         0\n",
       "V_EMA_7                       0\n",
       "EMA_14                        0\n",
       "V_EMA_14                      0\n",
       "Tomorrow_Close_Positive       0\n",
       "dtype: int64"
      ]
     },
     "execution_count": 63,
     "metadata": {},
     "output_type": "execute_result"
    }
   ],
   "source": [
    "data.isnull().sum()"
   ]
  },
  {
   "cell_type": "code",
   "execution_count": 64,
   "metadata": {
    "id": "qtt8qe_4kKgm",
    "outputId": "7ff8f14a-e72e-4b0b-f560-6b9ec88c56c7"
   },
   "outputs": [
    {
     "data": {
      "text/plain": [
       "Ticker                      0\n",
       "Unnamed: 1                  0\n",
       "Ticker.1                    0\n",
       "SimFinId                    0\n",
       "Date                        0\n",
       "Open                        0\n",
       "High                        0\n",
       "Low                         0\n",
       "Close                       0\n",
       "Adj. Close                  0\n",
       "Volume                      0\n",
       "Shares Outstanding          0\n",
       "Fiscal Year                 0\n",
       "Fiscal Period               0\n",
       "week                        0\n",
       "First_day                   0\n",
       "Last_day                    0\n",
       "SMA_7                      30\n",
       "V_SMA_7                    30\n",
       "SMA_14                     65\n",
       "V_SMA_14                   65\n",
       "EMA_7                       0\n",
       "V_EMA_7                     0\n",
       "EMA_14                      0\n",
       "V_EMA_14                    0\n",
       "Tomorrow_Close_Positive     0\n",
       "dtype: int64"
      ]
     },
     "execution_count": 64,
     "metadata": {},
     "output_type": "execute_result"
    }
   ],
   "source": [
    "threshold = len(data) - 200  # Columns must have more than (len(data) - 100) non-null values\n",
    "data = data.dropna(axis=1, thresh=threshold)\n",
    "data.isnull().sum()"
   ]
  },
  {
   "cell_type": "code",
   "execution_count": 65,
   "metadata": {
    "id": "fs5UVrRDkKgm",
    "outputId": "4cb4e89d-7019-437a-cbc2-fde8b6802466"
   },
   "outputs": [
    {
     "data": {
      "text/plain": [
       "Index(['Ticker', 'Unnamed: 1', 'Ticker.1', 'SimFinId', 'Date', 'Open', 'High',\n",
       "       'Low', 'Close', 'Adj. Close', 'Volume', 'Shares Outstanding',\n",
       "       'Fiscal Year', 'Fiscal Period', 'week', 'First_day', 'Last_day',\n",
       "       'SMA_7', 'V_SMA_7', 'SMA_14', 'V_SMA_14', 'EMA_7', 'V_EMA_7', 'EMA_14',\n",
       "       'V_EMA_14', 'Tomorrow_Close_Positive'],\n",
       "      dtype='object')"
      ]
     },
     "execution_count": 65,
     "metadata": {},
     "output_type": "execute_result"
    }
   ],
   "source": [
    "data.columns"
   ]
  },
  {
   "cell_type": "code",
   "execution_count": 66,
   "metadata": {
    "id": "HrhFzm_EkKgm"
   },
   "outputs": [],
   "source": [
    "data = data.drop(columns=['Unnamed: 1', 'Ticker.1', 'SimFinId'])"
   ]
  },
  {
   "cell_type": "code",
   "execution_count": 67,
   "metadata": {
    "id": "PgHzZFHSkKgm"
   },
   "outputs": [],
   "source": [
    "data.fillna(0, inplace=True)\n"
   ]
  },
  {
   "cell_type": "code",
   "execution_count": 68,
   "metadata": {
    "id": "z0hQ6JjtkKgm",
    "outputId": "cd016819-d17a-4394-ac78-f998322227f6"
   },
   "outputs": [
    {
     "data": {
      "text/plain": [
       "Ticker                     0\n",
       "Date                       0\n",
       "Open                       0\n",
       "High                       0\n",
       "Low                        0\n",
       "Close                      0\n",
       "Adj. Close                 0\n",
       "Volume                     0\n",
       "Shares Outstanding         0\n",
       "Fiscal Year                0\n",
       "Fiscal Period              0\n",
       "week                       0\n",
       "First_day                  0\n",
       "Last_day                   0\n",
       "SMA_7                      0\n",
       "V_SMA_7                    0\n",
       "SMA_14                     0\n",
       "V_SMA_14                   0\n",
       "EMA_7                      0\n",
       "V_EMA_7                    0\n",
       "EMA_14                     0\n",
       "V_EMA_14                   0\n",
       "Tomorrow_Close_Positive    0\n",
       "dtype: int64"
      ]
     },
     "execution_count": 68,
     "metadata": {},
     "output_type": "execute_result"
    }
   ],
   "source": [
    "data.isnull().sum()"
   ]
  },
  {
   "cell_type": "code",
   "execution_count": 69,
   "metadata": {
    "id": "OqaCedX1kKgn",
    "outputId": "81ec2e4b-4da9-4d61-ae5f-d77a85f41ec1"
   },
   "outputs": [
    {
     "data": {
      "text/html": [
       "<div>\n",
       "<style scoped>\n",
       "    .dataframe tbody tr th:only-of-type {\n",
       "        vertical-align: middle;\n",
       "    }\n",
       "\n",
       "    .dataframe tbody tr th {\n",
       "        vertical-align: top;\n",
       "    }\n",
       "\n",
       "    .dataframe thead th {\n",
       "        text-align: right;\n",
       "    }\n",
       "</style>\n",
       "<table border=\"1\" class=\"dataframe\">\n",
       "  <thead>\n",
       "    <tr style=\"text-align: right;\">\n",
       "      <th></th>\n",
       "      <th>Ticker</th>\n",
       "      <th>Date</th>\n",
       "      <th>Fiscal Period</th>\n",
       "    </tr>\n",
       "  </thead>\n",
       "  <tbody>\n",
       "    <tr>\n",
       "      <th>0</th>\n",
       "      <td>AAPL</td>\n",
       "      <td>2019-04-01</td>\n",
       "      <td>Q2</td>\n",
       "    </tr>\n",
       "    <tr>\n",
       "      <th>1</th>\n",
       "      <td>AAPL</td>\n",
       "      <td>2019-04-02</td>\n",
       "      <td>Q2</td>\n",
       "    </tr>\n",
       "    <tr>\n",
       "      <th>2</th>\n",
       "      <td>AAPL</td>\n",
       "      <td>2019-04-03</td>\n",
       "      <td>Q2</td>\n",
       "    </tr>\n",
       "    <tr>\n",
       "      <th>3</th>\n",
       "      <td>AAPL</td>\n",
       "      <td>2019-04-04</td>\n",
       "      <td>Q2</td>\n",
       "    </tr>\n",
       "    <tr>\n",
       "      <th>4</th>\n",
       "      <td>AAPL</td>\n",
       "      <td>2019-04-05</td>\n",
       "      <td>Q2</td>\n",
       "    </tr>\n",
       "    <tr>\n",
       "      <th>...</th>\n",
       "      <td>...</td>\n",
       "      <td>...</td>\n",
       "      <td>...</td>\n",
       "    </tr>\n",
       "    <tr>\n",
       "      <th>6190</th>\n",
       "      <td>TSLA</td>\n",
       "      <td>2024-02-26</td>\n",
       "      <td>Q1</td>\n",
       "    </tr>\n",
       "    <tr>\n",
       "      <th>6191</th>\n",
       "      <td>TSLA</td>\n",
       "      <td>2024-02-27</td>\n",
       "      <td>Q1</td>\n",
       "    </tr>\n",
       "    <tr>\n",
       "      <th>6192</th>\n",
       "      <td>TSLA</td>\n",
       "      <td>2024-02-28</td>\n",
       "      <td>Q1</td>\n",
       "    </tr>\n",
       "    <tr>\n",
       "      <th>6193</th>\n",
       "      <td>TSLA</td>\n",
       "      <td>2024-02-29</td>\n",
       "      <td>Q1</td>\n",
       "    </tr>\n",
       "    <tr>\n",
       "      <th>6194</th>\n",
       "      <td>TSLA</td>\n",
       "      <td>2024-03-01</td>\n",
       "      <td>Q1</td>\n",
       "    </tr>\n",
       "  </tbody>\n",
       "</table>\n",
       "<p>6195 rows × 3 columns</p>\n",
       "</div>"
      ],
      "text/plain": [
       "     Ticker        Date Fiscal Period\n",
       "0      AAPL  2019-04-01            Q2\n",
       "1      AAPL  2019-04-02            Q2\n",
       "2      AAPL  2019-04-03            Q2\n",
       "3      AAPL  2019-04-04            Q2\n",
       "4      AAPL  2019-04-05            Q2\n",
       "...     ...         ...           ...\n",
       "6190   TSLA  2024-02-26            Q1\n",
       "6191   TSLA  2024-02-27            Q1\n",
       "6192   TSLA  2024-02-28            Q1\n",
       "6193   TSLA  2024-02-29            Q1\n",
       "6194   TSLA  2024-03-01            Q1\n",
       "\n",
       "[6195 rows x 3 columns]"
      ]
     },
     "execution_count": 69,
     "metadata": {},
     "output_type": "execute_result"
    }
   ],
   "source": [
    "data.select_dtypes(include=['object'])"
   ]
  },
  {
   "cell_type": "code",
   "execution_count": 70,
   "metadata": {
    "id": "NRmSwO1LkKgn",
    "outputId": "e3adae27-af1b-4288-f3cf-bec865a3a355"
   },
   "outputs": [
    {
     "data": {
      "text/plain": [
       "Index(['Ticker', 'Date', 'Open', 'High', 'Low', 'Close', 'Adj. Close',\n",
       "       'Volume', 'Shares Outstanding', 'Fiscal Year', 'Fiscal Period', 'week',\n",
       "       'First_day', 'Last_day', 'SMA_7', 'V_SMA_7', 'SMA_14', 'V_SMA_14',\n",
       "       'EMA_7', 'V_EMA_7', 'EMA_14', 'V_EMA_14', 'Tomorrow_Close_Positive'],\n",
       "      dtype='object')"
      ]
     },
     "execution_count": 70,
     "metadata": {},
     "output_type": "execute_result"
    }
   ],
   "source": [
    "data.columns"
   ]
  },
  {
   "cell_type": "code",
   "execution_count": 71,
   "metadata": {
    "id": "-aQ0PAiLkKgn",
    "outputId": "3f37ece0-4045-4ffc-8c1a-0dc5c1aade5a"
   },
   "outputs": [
    {
     "data": {
      "text/html": [
       "<div>\n",
       "<style scoped>\n",
       "    .dataframe tbody tr th:only-of-type {\n",
       "        vertical-align: middle;\n",
       "    }\n",
       "\n",
       "    .dataframe tbody tr th {\n",
       "        vertical-align: top;\n",
       "    }\n",
       "\n",
       "    .dataframe thead th {\n",
       "        text-align: right;\n",
       "    }\n",
       "</style>\n",
       "<table border=\"1\" class=\"dataframe\">\n",
       "  <thead>\n",
       "    <tr style=\"text-align: right;\">\n",
       "      <th></th>\n",
       "      <th>Tomorrow_Close_Positive</th>\n",
       "      <th>Open</th>\n",
       "      <th>High</th>\n",
       "      <th>Low</th>\n",
       "      <th>Close</th>\n",
       "      <th>Adj. Close</th>\n",
       "      <th>Volume</th>\n",
       "      <th>week</th>\n",
       "      <th>First_day</th>\n",
       "      <th>Last_day</th>\n",
       "      <th>SMA_7</th>\n",
       "      <th>V_SMA_7</th>\n",
       "      <th>SMA_14</th>\n",
       "      <th>V_SMA_14</th>\n",
       "      <th>EMA_7</th>\n",
       "      <th>V_EMA_7</th>\n",
       "      <th>EMA_14</th>\n",
       "      <th>V_EMA_14</th>\n",
       "    </tr>\n",
       "  </thead>\n",
       "  <tbody>\n",
       "    <tr>\n",
       "      <th>Tomorrow_Close_Positive</th>\n",
       "      <td>1.000000</td>\n",
       "      <td>-0.026217</td>\n",
       "      <td>-0.026570</td>\n",
       "      <td>-0.026448</td>\n",
       "      <td>-0.027194</td>\n",
       "      <td>-0.027374</td>\n",
       "      <td>0.006568</td>\n",
       "      <td>0.006351</td>\n",
       "      <td>-0.016284</td>\n",
       "      <td>0.028393</td>\n",
       "      <td>-0.025787</td>\n",
       "      <td>0.001295</td>\n",
       "      <td>-0.026788</td>\n",
       "      <td>0.003699</td>\n",
       "      <td>-0.025948</td>\n",
       "      <td>0.004142</td>\n",
       "      <td>-0.025966</td>\n",
       "      <td>0.004078</td>\n",
       "    </tr>\n",
       "    <tr>\n",
       "      <th>Open</th>\n",
       "      <td>-0.026217</td>\n",
       "      <td>1.000000</td>\n",
       "      <td>0.999706</td>\n",
       "      <td>0.999634</td>\n",
       "      <td>0.999325</td>\n",
       "      <td>0.999079</td>\n",
       "      <td>-0.675131</td>\n",
       "      <td>0.009088</td>\n",
       "      <td>-0.002159</td>\n",
       "      <td>0.001328</td>\n",
       "      <td>0.996669</td>\n",
       "      <td>-0.706980</td>\n",
       "      <td>0.992173</td>\n",
       "      <td>-0.712292</td>\n",
       "      <td>0.998987</td>\n",
       "      <td>-0.715440</td>\n",
       "      <td>0.997350</td>\n",
       "      <td>-0.726515</td>\n",
       "    </tr>\n",
       "    <tr>\n",
       "      <th>High</th>\n",
       "      <td>-0.026570</td>\n",
       "      <td>0.999706</td>\n",
       "      <td>1.000000</td>\n",
       "      <td>0.999493</td>\n",
       "      <td>0.999649</td>\n",
       "      <td>0.999521</td>\n",
       "      <td>-0.673366</td>\n",
       "      <td>0.007638</td>\n",
       "      <td>-0.001052</td>\n",
       "      <td>0.000679</td>\n",
       "      <td>0.996603</td>\n",
       "      <td>-0.705796</td>\n",
       "      <td>0.992168</td>\n",
       "      <td>-0.711239</td>\n",
       "      <td>0.998949</td>\n",
       "      <td>-0.714175</td>\n",
       "      <td>0.997320</td>\n",
       "      <td>-0.725407</td>\n",
       "    </tr>\n",
       "    <tr>\n",
       "      <th>Low</th>\n",
       "      <td>-0.026448</td>\n",
       "      <td>0.999634</td>\n",
       "      <td>0.999493</td>\n",
       "      <td>1.000000</td>\n",
       "      <td>0.999677</td>\n",
       "      <td>0.999312</td>\n",
       "      <td>-0.677255</td>\n",
       "      <td>0.010182</td>\n",
       "      <td>-0.001522</td>\n",
       "      <td>0.001387</td>\n",
       "      <td>0.996287</td>\n",
       "      <td>-0.708487</td>\n",
       "      <td>0.991562</td>\n",
       "      <td>-0.713708</td>\n",
       "      <td>0.998717</td>\n",
       "      <td>-0.717065</td>\n",
       "      <td>0.996886</td>\n",
       "      <td>-0.727988</td>\n",
       "    </tr>\n",
       "    <tr>\n",
       "      <th>Close</th>\n",
       "      <td>-0.027194</td>\n",
       "      <td>0.999325</td>\n",
       "      <td>0.999649</td>\n",
       "      <td>0.999677</td>\n",
       "      <td>1.000000</td>\n",
       "      <td>0.999753</td>\n",
       "      <td>-0.675211</td>\n",
       "      <td>0.008925</td>\n",
       "      <td>-0.000405</td>\n",
       "      <td>0.001178</td>\n",
       "      <td>0.996250</td>\n",
       "      <td>-0.707062</td>\n",
       "      <td>0.991628</td>\n",
       "      <td>-0.712415</td>\n",
       "      <td>0.998696</td>\n",
       "      <td>-0.715543</td>\n",
       "      <td>0.996899</td>\n",
       "      <td>-0.726633</td>\n",
       "    </tr>\n",
       "    <tr>\n",
       "      <th>Adj. Close</th>\n",
       "      <td>-0.027374</td>\n",
       "      <td>0.999079</td>\n",
       "      <td>0.999521</td>\n",
       "      <td>0.999312</td>\n",
       "      <td>0.999753</td>\n",
       "      <td>1.000000</td>\n",
       "      <td>-0.671083</td>\n",
       "      <td>0.008966</td>\n",
       "      <td>-0.000407</td>\n",
       "      <td>0.001202</td>\n",
       "      <td>0.996029</td>\n",
       "      <td>-0.702701</td>\n",
       "      <td>0.991438</td>\n",
       "      <td>-0.707983</td>\n",
       "      <td>0.998442</td>\n",
       "      <td>-0.711158</td>\n",
       "      <td>0.996634</td>\n",
       "      <td>-0.722172</td>\n",
       "    </tr>\n",
       "    <tr>\n",
       "      <th>Volume</th>\n",
       "      <td>0.006568</td>\n",
       "      <td>-0.675131</td>\n",
       "      <td>-0.673366</td>\n",
       "      <td>-0.677255</td>\n",
       "      <td>-0.675211</td>\n",
       "      <td>-0.671083</td>\n",
       "      <td>1.000000</td>\n",
       "      <td>-0.054488</td>\n",
       "      <td>-0.004512</td>\n",
       "      <td>0.010313</td>\n",
       "      <td>-0.672893</td>\n",
       "      <td>0.931083</td>\n",
       "      <td>-0.669552</td>\n",
       "      <td>0.911039</td>\n",
       "      <td>-0.677050</td>\n",
       "      <td>0.957586</td>\n",
       "      <td>-0.678631</td>\n",
       "      <td>0.938044</td>\n",
       "    </tr>\n",
       "    <tr>\n",
       "      <th>week</th>\n",
       "      <td>0.006351</td>\n",
       "      <td>0.009088</td>\n",
       "      <td>0.007638</td>\n",
       "      <td>0.010182</td>\n",
       "      <td>0.008925</td>\n",
       "      <td>0.008966</td>\n",
       "      <td>-0.054488</td>\n",
       "      <td>1.000000</td>\n",
       "      <td>-0.001822</td>\n",
       "      <td>-0.001689</td>\n",
       "      <td>0.011175</td>\n",
       "      <td>-0.043584</td>\n",
       "      <td>0.013987</td>\n",
       "      <td>-0.035438</td>\n",
       "      <td>0.008603</td>\n",
       "      <td>-0.048907</td>\n",
       "      <td>0.008307</td>\n",
       "      <td>-0.043746</td>\n",
       "    </tr>\n",
       "    <tr>\n",
       "      <th>First_day</th>\n",
       "      <td>-0.016284</td>\n",
       "      <td>-0.002159</td>\n",
       "      <td>-0.001052</td>\n",
       "      <td>-0.001522</td>\n",
       "      <td>-0.000405</td>\n",
       "      <td>-0.000407</td>\n",
       "      <td>-0.004512</td>\n",
       "      <td>-0.001822</td>\n",
       "      <td>1.000000</td>\n",
       "      <td>-0.261454</td>\n",
       "      <td>-0.001494</td>\n",
       "      <td>0.000830</td>\n",
       "      <td>-0.000827</td>\n",
       "      <td>0.000222</td>\n",
       "      <td>-0.000682</td>\n",
       "      <td>0.001306</td>\n",
       "      <td>-0.000665</td>\n",
       "      <td>0.000917</td>\n",
       "    </tr>\n",
       "    <tr>\n",
       "      <th>Last_day</th>\n",
       "      <td>0.028393</td>\n",
       "      <td>0.001328</td>\n",
       "      <td>0.000679</td>\n",
       "      <td>0.001387</td>\n",
       "      <td>0.001178</td>\n",
       "      <td>0.001202</td>\n",
       "      <td>0.010313</td>\n",
       "      <td>-0.001689</td>\n",
       "      <td>-0.261454</td>\n",
       "      <td>1.000000</td>\n",
       "      <td>0.001960</td>\n",
       "      <td>0.003342</td>\n",
       "      <td>0.002578</td>\n",
       "      <td>0.001873</td>\n",
       "      <td>0.001563</td>\n",
       "      <td>0.003320</td>\n",
       "      <td>0.001605</td>\n",
       "      <td>0.001816</td>\n",
       "    </tr>\n",
       "    <tr>\n",
       "      <th>SMA_7</th>\n",
       "      <td>-0.025787</td>\n",
       "      <td>0.996669</td>\n",
       "      <td>0.996603</td>\n",
       "      <td>0.996287</td>\n",
       "      <td>0.996250</td>\n",
       "      <td>0.996029</td>\n",
       "      <td>-0.672893</td>\n",
       "      <td>0.011175</td>\n",
       "      <td>-0.001494</td>\n",
       "      <td>0.001960</td>\n",
       "      <td>1.000000</td>\n",
       "      <td>-0.703932</td>\n",
       "      <td>0.996568</td>\n",
       "      <td>-0.709006</td>\n",
       "      <td>0.998021</td>\n",
       "      <td>-0.713055</td>\n",
       "      <td>0.997435</td>\n",
       "      <td>-0.724001</td>\n",
       "    </tr>\n",
       "    <tr>\n",
       "      <th>V_SMA_7</th>\n",
       "      <td>0.001295</td>\n",
       "      <td>-0.706980</td>\n",
       "      <td>-0.705796</td>\n",
       "      <td>-0.708487</td>\n",
       "      <td>-0.707062</td>\n",
       "      <td>-0.702701</td>\n",
       "      <td>0.931083</td>\n",
       "      <td>-0.043584</td>\n",
       "      <td>0.000830</td>\n",
       "      <td>0.003342</td>\n",
       "      <td>-0.703932</td>\n",
       "      <td>1.000000</td>\n",
       "      <td>-0.700644</td>\n",
       "      <td>0.979604</td>\n",
       "      <td>-0.709039</td>\n",
       "      <td>0.990797</td>\n",
       "      <td>-0.710824</td>\n",
       "      <td>0.988406</td>\n",
       "    </tr>\n",
       "    <tr>\n",
       "      <th>SMA_14</th>\n",
       "      <td>-0.026788</td>\n",
       "      <td>0.992173</td>\n",
       "      <td>0.992168</td>\n",
       "      <td>0.991562</td>\n",
       "      <td>0.991628</td>\n",
       "      <td>0.991438</td>\n",
       "      <td>-0.669552</td>\n",
       "      <td>0.013987</td>\n",
       "      <td>-0.000827</td>\n",
       "      <td>0.002578</td>\n",
       "      <td>0.996568</td>\n",
       "      <td>-0.700644</td>\n",
       "      <td>1.000000</td>\n",
       "      <td>-0.704860</td>\n",
       "      <td>0.994742</td>\n",
       "      <td>-0.709659</td>\n",
       "      <td>0.995707</td>\n",
       "      <td>-0.720573</td>\n",
       "    </tr>\n",
       "    <tr>\n",
       "      <th>V_SMA_14</th>\n",
       "      <td>0.003699</td>\n",
       "      <td>-0.712292</td>\n",
       "      <td>-0.711239</td>\n",
       "      <td>-0.713708</td>\n",
       "      <td>-0.712415</td>\n",
       "      <td>-0.707983</td>\n",
       "      <td>0.911039</td>\n",
       "      <td>-0.035438</td>\n",
       "      <td>0.000222</td>\n",
       "      <td>0.001873</td>\n",
       "      <td>-0.709006</td>\n",
       "      <td>0.979604</td>\n",
       "      <td>-0.704860</td>\n",
       "      <td>1.000000</td>\n",
       "      <td>-0.714231</td>\n",
       "      <td>0.975742</td>\n",
       "      <td>-0.716036</td>\n",
       "      <td>0.986658</td>\n",
       "    </tr>\n",
       "    <tr>\n",
       "      <th>EMA_7</th>\n",
       "      <td>-0.025948</td>\n",
       "      <td>0.998987</td>\n",
       "      <td>0.998949</td>\n",
       "      <td>0.998717</td>\n",
       "      <td>0.998696</td>\n",
       "      <td>0.998442</td>\n",
       "      <td>-0.677050</td>\n",
       "      <td>0.008603</td>\n",
       "      <td>-0.000682</td>\n",
       "      <td>0.001563</td>\n",
       "      <td>0.998021</td>\n",
       "      <td>-0.709039</td>\n",
       "      <td>0.994742</td>\n",
       "      <td>-0.714231</td>\n",
       "      <td>1.000000</td>\n",
       "      <td>-0.717471</td>\n",
       "      <td>0.999388</td>\n",
       "      <td>-0.728519</td>\n",
       "    </tr>\n",
       "    <tr>\n",
       "      <th>V_EMA_7</th>\n",
       "      <td>0.004142</td>\n",
       "      <td>-0.715440</td>\n",
       "      <td>-0.714175</td>\n",
       "      <td>-0.717065</td>\n",
       "      <td>-0.715543</td>\n",
       "      <td>-0.711158</td>\n",
       "      <td>0.957586</td>\n",
       "      <td>-0.048907</td>\n",
       "      <td>0.001306</td>\n",
       "      <td>0.003320</td>\n",
       "      <td>-0.713055</td>\n",
       "      <td>0.990797</td>\n",
       "      <td>-0.709659</td>\n",
       "      <td>0.975742</td>\n",
       "      <td>-0.717471</td>\n",
       "      <td>1.000000</td>\n",
       "      <td>-0.719230</td>\n",
       "      <td>0.994860</td>\n",
       "    </tr>\n",
       "    <tr>\n",
       "      <th>EMA_14</th>\n",
       "      <td>-0.025966</td>\n",
       "      <td>0.997350</td>\n",
       "      <td>0.997320</td>\n",
       "      <td>0.996886</td>\n",
       "      <td>0.996899</td>\n",
       "      <td>0.996634</td>\n",
       "      <td>-0.678631</td>\n",
       "      <td>0.008307</td>\n",
       "      <td>-0.000665</td>\n",
       "      <td>0.001605</td>\n",
       "      <td>0.997435</td>\n",
       "      <td>-0.710824</td>\n",
       "      <td>0.995707</td>\n",
       "      <td>-0.716036</td>\n",
       "      <td>0.999388</td>\n",
       "      <td>-0.719230</td>\n",
       "      <td>1.000000</td>\n",
       "      <td>-0.730314</td>\n",
       "    </tr>\n",
       "    <tr>\n",
       "      <th>V_EMA_14</th>\n",
       "      <td>0.004078</td>\n",
       "      <td>-0.726515</td>\n",
       "      <td>-0.725407</td>\n",
       "      <td>-0.727988</td>\n",
       "      <td>-0.726633</td>\n",
       "      <td>-0.722172</td>\n",
       "      <td>0.938044</td>\n",
       "      <td>-0.043746</td>\n",
       "      <td>0.000917</td>\n",
       "      <td>0.001816</td>\n",
       "      <td>-0.724001</td>\n",
       "      <td>0.988406</td>\n",
       "      <td>-0.720573</td>\n",
       "      <td>0.986658</td>\n",
       "      <td>-0.728519</td>\n",
       "      <td>0.994860</td>\n",
       "      <td>-0.730314</td>\n",
       "      <td>1.000000</td>\n",
       "    </tr>\n",
       "  </tbody>\n",
       "</table>\n",
       "</div>"
      ],
      "text/plain": [
       "                         Tomorrow_Close_Positive      Open      High  \\\n",
       "Tomorrow_Close_Positive                 1.000000 -0.026217 -0.026570   \n",
       "Open                                   -0.026217  1.000000  0.999706   \n",
       "High                                   -0.026570  0.999706  1.000000   \n",
       "Low                                    -0.026448  0.999634  0.999493   \n",
       "Close                                  -0.027194  0.999325  0.999649   \n",
       "Adj. Close                             -0.027374  0.999079  0.999521   \n",
       "Volume                                  0.006568 -0.675131 -0.673366   \n",
       "week                                    0.006351  0.009088  0.007638   \n",
       "First_day                              -0.016284 -0.002159 -0.001052   \n",
       "Last_day                                0.028393  0.001328  0.000679   \n",
       "SMA_7                                  -0.025787  0.996669  0.996603   \n",
       "V_SMA_7                                 0.001295 -0.706980 -0.705796   \n",
       "SMA_14                                 -0.026788  0.992173  0.992168   \n",
       "V_SMA_14                                0.003699 -0.712292 -0.711239   \n",
       "EMA_7                                  -0.025948  0.998987  0.998949   \n",
       "V_EMA_7                                 0.004142 -0.715440 -0.714175   \n",
       "EMA_14                                 -0.025966  0.997350  0.997320   \n",
       "V_EMA_14                                0.004078 -0.726515 -0.725407   \n",
       "\n",
       "                              Low     Close  Adj. Close    Volume      week  \\\n",
       "Tomorrow_Close_Positive -0.026448 -0.027194   -0.027374  0.006568  0.006351   \n",
       "Open                     0.999634  0.999325    0.999079 -0.675131  0.009088   \n",
       "High                     0.999493  0.999649    0.999521 -0.673366  0.007638   \n",
       "Low                      1.000000  0.999677    0.999312 -0.677255  0.010182   \n",
       "Close                    0.999677  1.000000    0.999753 -0.675211  0.008925   \n",
       "Adj. Close               0.999312  0.999753    1.000000 -0.671083  0.008966   \n",
       "Volume                  -0.677255 -0.675211   -0.671083  1.000000 -0.054488   \n",
       "week                     0.010182  0.008925    0.008966 -0.054488  1.000000   \n",
       "First_day               -0.001522 -0.000405   -0.000407 -0.004512 -0.001822   \n",
       "Last_day                 0.001387  0.001178    0.001202  0.010313 -0.001689   \n",
       "SMA_7                    0.996287  0.996250    0.996029 -0.672893  0.011175   \n",
       "V_SMA_7                 -0.708487 -0.707062   -0.702701  0.931083 -0.043584   \n",
       "SMA_14                   0.991562  0.991628    0.991438 -0.669552  0.013987   \n",
       "V_SMA_14                -0.713708 -0.712415   -0.707983  0.911039 -0.035438   \n",
       "EMA_7                    0.998717  0.998696    0.998442 -0.677050  0.008603   \n",
       "V_EMA_7                 -0.717065 -0.715543   -0.711158  0.957586 -0.048907   \n",
       "EMA_14                   0.996886  0.996899    0.996634 -0.678631  0.008307   \n",
       "V_EMA_14                -0.727988 -0.726633   -0.722172  0.938044 -0.043746   \n",
       "\n",
       "                         First_day  Last_day     SMA_7   V_SMA_7    SMA_14  \\\n",
       "Tomorrow_Close_Positive  -0.016284  0.028393 -0.025787  0.001295 -0.026788   \n",
       "Open                     -0.002159  0.001328  0.996669 -0.706980  0.992173   \n",
       "High                     -0.001052  0.000679  0.996603 -0.705796  0.992168   \n",
       "Low                      -0.001522  0.001387  0.996287 -0.708487  0.991562   \n",
       "Close                    -0.000405  0.001178  0.996250 -0.707062  0.991628   \n",
       "Adj. Close               -0.000407  0.001202  0.996029 -0.702701  0.991438   \n",
       "Volume                   -0.004512  0.010313 -0.672893  0.931083 -0.669552   \n",
       "week                     -0.001822 -0.001689  0.011175 -0.043584  0.013987   \n",
       "First_day                 1.000000 -0.261454 -0.001494  0.000830 -0.000827   \n",
       "Last_day                 -0.261454  1.000000  0.001960  0.003342  0.002578   \n",
       "SMA_7                    -0.001494  0.001960  1.000000 -0.703932  0.996568   \n",
       "V_SMA_7                   0.000830  0.003342 -0.703932  1.000000 -0.700644   \n",
       "SMA_14                   -0.000827  0.002578  0.996568 -0.700644  1.000000   \n",
       "V_SMA_14                  0.000222  0.001873 -0.709006  0.979604 -0.704860   \n",
       "EMA_7                    -0.000682  0.001563  0.998021 -0.709039  0.994742   \n",
       "V_EMA_7                   0.001306  0.003320 -0.713055  0.990797 -0.709659   \n",
       "EMA_14                   -0.000665  0.001605  0.997435 -0.710824  0.995707   \n",
       "V_EMA_14                  0.000917  0.001816 -0.724001  0.988406 -0.720573   \n",
       "\n",
       "                         V_SMA_14     EMA_7   V_EMA_7    EMA_14  V_EMA_14  \n",
       "Tomorrow_Close_Positive  0.003699 -0.025948  0.004142 -0.025966  0.004078  \n",
       "Open                    -0.712292  0.998987 -0.715440  0.997350 -0.726515  \n",
       "High                    -0.711239  0.998949 -0.714175  0.997320 -0.725407  \n",
       "Low                     -0.713708  0.998717 -0.717065  0.996886 -0.727988  \n",
       "Close                   -0.712415  0.998696 -0.715543  0.996899 -0.726633  \n",
       "Adj. Close              -0.707983  0.998442 -0.711158  0.996634 -0.722172  \n",
       "Volume                   0.911039 -0.677050  0.957586 -0.678631  0.938044  \n",
       "week                    -0.035438  0.008603 -0.048907  0.008307 -0.043746  \n",
       "First_day                0.000222 -0.000682  0.001306 -0.000665  0.000917  \n",
       "Last_day                 0.001873  0.001563  0.003320  0.001605  0.001816  \n",
       "SMA_7                   -0.709006  0.998021 -0.713055  0.997435 -0.724001  \n",
       "V_SMA_7                  0.979604 -0.709039  0.990797 -0.710824  0.988406  \n",
       "SMA_14                  -0.704860  0.994742 -0.709659  0.995707 -0.720573  \n",
       "V_SMA_14                 1.000000 -0.714231  0.975742 -0.716036  0.986658  \n",
       "EMA_7                   -0.714231  1.000000 -0.717471  0.999388 -0.728519  \n",
       "V_EMA_7                  0.975742 -0.717471  1.000000 -0.719230  0.994860  \n",
       "EMA_14                  -0.716036  0.999388 -0.719230  1.000000 -0.730314  \n",
       "V_EMA_14                 0.986658 -0.728519  0.994860 -0.730314  1.000000  "
      ]
     },
     "execution_count": 71,
     "metadata": {},
     "output_type": "execute_result"
    }
   ],
   "source": [
    "#too much details\n",
    "data[['Tomorrow_Close_Positive','Open', 'High', 'Low', 'Close', 'Adj. Close',\n",
    "       'Volume', 'week', 'First_day',\n",
    "       'Last_day', 'SMA_7', 'V_SMA_7', 'SMA_14', 'V_SMA_14', 'EMA_7',\n",
    "       'V_EMA_7', 'EMA_14', 'V_EMA_14']].corr()"
   ]
  },
  {
   "cell_type": "code",
   "execution_count": 72,
   "metadata": {},
   "outputs": [
    {
     "data": {
      "text/plain": [
       "array(['AAPL', 'META', 'MSFT', 'NVDA', 'TSLA'], dtype=object)"
      ]
     },
     "execution_count": 72,
     "metadata": {},
     "output_type": "execute_result"
    }
   ],
   "source": [
    "data['Ticker'].unique()"
   ]
  },
  {
   "cell_type": "code",
   "execution_count": 73,
   "metadata": {},
   "outputs": [],
   "source": [
    "ticker_mapping = {\n",
    "    'APPL': 1,\n",
    "    'META': 2,\n",
    "    'MSFT': 3,\n",
    "    'NVDA': 4,\n",
    "    'TSLA': 5,\n",
    "    # Add more tickers as needed\n",
    "}\n",
    "\n",
    "# Apply the mapping\n",
    "data['Ticker_cat'] = data['Ticker'].map(ticker_mapping)"
   ]
  },
  {
   "cell_type": "code",
   "execution_count": 74,
   "metadata": {
    "id": "JPxbXLbakKgn",
    "outputId": "1d3e0002-0398-4db1-a940-a5f6a28d7c26"
   },
   "outputs": [
    {
     "data": {
